(92898, 53808), (71923, 66238), (73718, 29963), (25269, 15460), (55168, 13140), (78039, 41907), (92346, 5291), (52512, 75267), (50839, 99341), (95217, 74613)]
[(22593, 28698), (46224, 65453), (16694, 20412)]
[(11528, 17463)]
[(72981, 9259), (20681, 90770), (38302, 6503)]
[(66796, 61320), (97740, 42544)]
[(13063, 96490), (91442, 11631), (49393, 64315), (72661, 72556), (20343, 28410), (78088, 15046), (48456, 10191), (85126, 86953)]
[(30256, 72346), (91061, 17980), (39513, 10647), (12730, 66331)]
[(25871, 34579), (50051, 46839), (81082, 48456), (16022, 97157), (97358, 43711), (80191, 35154)]
[(31515, 51961), (54973, 4877), (7390, 38110), (20939, 27375), (78247, 91442), (15538, 30125), (32900, 78343), (56871, 5636), (58086, 44901), (9162, 95383)]  
[(34395, 6000), (26751, 20501), (8767, 81287), (9201, 98707), (89091, 39041), (94606, 10743), (14521, 8813), (8151, 28906), (94722, 76631)]
[(9439, 15595), (39014, 62467), (24742, 21733), (72900, 50039), (37484, 64818), (51987, 14348)]
[(79257, 55318), (42485, 61433), (60520, 42150), (6435, 7892)]
[(68521, 42204), (75529, 18512), (48223, 53041), (50936, 37398), (71643, 15960), (29304, 78258), (45198, 19056), (27270, 41739)]
[(28778, 22905)]
[(77091, 59197), (66107, 62475)]
[(14698, 59975), (33881, 46338), (10111, 80465), (62373, 25040), (75468, 8773)]
[(76282, 11035), (4232, 70368), (11033, 96848), (47515, 80481)]
[(30600, 38988), (42239, 76221)]
[(26650, 53484)]
[(99491, 48204), (97188, 86374)]
[(76937, 89215), (48763, 72518), (20253, 9171), (74069, 77345), (48090, 27271), (25186, 14848)]
[(51466, 25805), (94371, 41743), (21685, 91922), (64732, 41391), (87128, 7174), (78562, 5822), (46868, 59645), (65214, 59713), (90621, 12951)]
[(51488, 40737), (48327, 25933), (72044, 79673), (72788, 48759), (76945, 63527), (79127, 72869), (648, 74694), (44972, 76905), (96813, 94472), (49884, 54809)][(77074, 93779), (46494, 79216), (67651, 79461), (16637, 70849), (20922, 27526), (59538, 89689), (15226, 4331), (38795, 21509), (32894, 73905)]
[(43863, 53625)]
[(44364, 51930)]
[(58448, 27837), (59194, 41134)]
[(83483, 12404), (92796, 98979), (43930, 1105)]
[(39336, 23160), (62411, 34984)]
[(2641, 44327)]
[(16429, 78869), (41613, 262), (77584, 57305), (91184, 18872)]
[(43243, 47514), (37528, 32395), (44724, 96443)]
[(41590, 91444), (11678, 21938), (15750, 77380), (32714, 86851), (59336, 31830), (45264, 94967), (94385, 44984)]
[(72662, 37752), (4978, 52019)]
[(57855, 61556), (9516, 33299), (55381, 63856), (79993, 95381), (97237, 76315), (34104, 64842), (83034, 50579)]
[(51463, 21659)]
[(52910, 10236), (28933, 83783)]
[(64742, 14699), (8129, 4021), (31324, 99223)]
[(53629, 95376), (61028, 44471), (20858, 46804)]
[(18732, 23454), (94198, 33557), (62664, 6761), (68755, 6944)]
[(24652, 20901), (83321, 21900), (14349, 83282)]
[(44394, 82241), (84715, 40799), (13429, 80207), (74586, 68589), (63882, 68102), (89846, 95878), (86399, 75880)]
[(54127, 92522), (52983, 985), (13053, 7202), (22777, 9668), (67708, 14519), (99154, 17336), (18710, 72975), (12480, 8160), (61031, 33972), (15637, 48885)]   
[(54676, 41983), (6069, 37306), (8097, 72216), (79181, 16783), (69329, 87884)]
[(7756, 73271), (21229, 76544)]
[(51002, 78798), (86217, 31017)]
[(48368, 74444), (24103, 67204), (50645, 591), (94474, 87686), (24037, 93423)]
[(54696, 68252), (38283, 41879), (9424, 7891), (21240, 57163), (9576, 72643)]
[(49692, 1388), (5957, 83994), (18162, 36283), (12459, 78813), (6549, 8760), (90017, 62351), (7058, 14291), (11743, 85980), (34448, 30153), (39786, 53806)]   
[(43869, 42025), (3873, 19582), (96859, 50268)]
[(41709, 42212), (94703, 15643), (18063, 72591), (73892, 95224), (64832, 3043), (8106, 66875), (98582, 49283)]
[(96436, 50949), (88180, 93646), (68928, 1770), (1037, 78427), (55601, 78730), (78541, 904), (20957, 79939)]
[(22024, 93131), (39489, 75871), (43680, 78517), (98962, 76314)]
[(42709, 76083), (43012, 41200), (17351, 82795), (66200, 62631), (73252, 98723), (9200, 36132), (35073, 44200), (94855, 3375), (51982, 59472), (76676, 95715)][(75279, 36051), (27691, 21484), (26281, 24826), (42356, 16668), (43648, 15691), (76527, 2627), (18932, 40696), (50554, 21949), (80215, 16883), (14208, 16712)]
[(82389, 11995)]
[(94978, 88108)]
[(99118, 82442), (66893, 60031), (93290, 84193), (66540, 40936), (54021, 62914), (67411, 67684), (92733, 10332), (98468, 35324), (32848, 11950)]
[(68007, 51234), (72415, 20767), (30791, 43768), (83496, 9565), (46399, 69385), (96164, 27099), (79459, 55587), (61578, 81233), (5657, 83183)]
[(15733, 22525), (52455, 22273), (84271, 48451)]
[(41062, 76701), (52307, 1037), (63819, 56951), (95096, 50911), (85879, 44193), (62803, 65750), (50042, 43184), (33173, 38265)]
[(8314, 31137), (76564, 26131), (50685, 93151), (14867, 35834)]
[(4535, 14985), (90109, 24673), (42795, 40205), (42624, 20421), (66742, 49040), (47625, 83574), (39808, 5592), (83654, 24754)]
[(42272, 15087), (85270, 24447), (95584, 52559), (3014, 33260), (61687, 7638), (52592, 61852), (93500, 86849), (42200, 66403), (93769, 94991)]
[(64852, 5254), (97651, 30214), (53675, 47259), (54906, 3300), (86103, 27702), (20109, 39435), (54862, 94244), (22011, 99016), (86678, 8514)]
[(51626, 38816), (78893, 42722), (50808, 19427), (43244, 51160)]
[(64312, 12843), (92149, 85622), (55775, 53293), (10417, 59764), (25448, 6315), (49410, 37820), (51572, 24303), (6056, 40561), (65586, 64589), (74564, 27590)][(43796, 24141), (65534, 59805), (97186, 95590), (32763, 18661), (85545, 19287), (39732, 33196), (26463, 18584), (91062, 92996), (92760, 73568)]
[(27691, 66679), (14372, 3157), (29317, 83607), (54588, 22418), (98398, 32807)]
[(93703, 15898), (67556, 59088), (95487, 53750), (32901, 26953), (61604, 31260), (97096, 14757), (87956, 99750)]
[(60365, 78187), (36159, 60101), (84335, 70583), (19995, 71155), (65131, 65262), (8878, 67650), (97349, 14990), (86535, 47153), (45260, 89574)]
[(66668, 46039), (73778, 33826), (4637, 8536), (70685, 19229), (69353, 64262), (46191, 88820), (67294, 95634), (16259, 30456), (56879, 75175), (89594, 44938)][(73594, 19694), (97876, 6299), (36461, 25394), (69475, 46109), (82233, 96401), (98734, 56939)]
[(42339, 63400), (40048, 56998), (29361, 51190)]
[(55799, 50531), (26334, 68607), (56189, 80022), (16463, 70815), (25549, 34852), (11798, 99861), (56203, 42959), (44838, 80935)]
[(67795, 50445), (12879, 70157), (94159, 38193), (16944, 16823), (65060, 51129), (33186, 94905)]
[(25727, 63549), (89240, 12640), (72510, 92008), (90044, 48212), (95391, 42286), (23926, 79504)]
[(8750, 14496), (3979, 49392), (44690, 82839), (43081, 17598), (70865, 22887), (40886, 18578), (95446, 80179), (34700, 77958), (87787, 1629)]
[(22107, 62197), (49280, 22213), (66590, 96398), (83907, 12347), (84118, 76669), (65415, 39369), (53891, 39996), (31165, 81195), (51225, 37045), (12025, 80453)]
[(50069, 98994), (53792, 81983)]
[(73975, 30040), (9841, 19937)]
[(55987, 1166), (28630, 10260), (75691, 22726), (26488, 87714), (19948, 2423), (49437, 26795), (78432, 80224)]
[(4614, 90429), (23050, 3714), (80651, 8338)]
[(69084, 73757), (84824, 97678), (96269, 36523), (44313, 23808), (40142, 56704), (18226, 96762), (55906, 27048), (27302, 36693), (82937, 46847)]
[(90316, 92969), (108, 40659), (73864, 49259), (5127, 75400), (83558, 2690), (67513, 59713)]
[(79487, 95160), (14157, 45232)]
[(86234, 29024), (46337, 27284), (78841, 52165), (69607, 78139), (22641, 11873), (66817, 72458), (33335, 95009), (16054, 75112), (24745, 8059), (15414, 15626)]
[(80390, 56796), (61672, 95514), (86923, 53876), (18129, 83794), (84622, 98879), (23749, 21319), (85799, 54878), (66475, 35907)]
[(90490, 45862), (3129, 49722), (27181, 65995)]
[(24414, 34474), (34090, 64282), (37448, 64794), (10369, 16987), (15290, 1422), (32357, 54567), (52915, 48615), (93584, 58617), (6761, 25342), (45875, 20924)][(51054, 93420)]
[(54061, 34591), (26399, 95571), (47379, 51761), (92295, 42376)]
[(82844, 26487), (31958, 63071), (10766, 67552)]
[(24815, 50195), (85812, 7576), (79572, 44013), (25193, 69101), (19812, 41653), (82762, 2354), (46589, 25429), (85909, 83234), (83161, 22260)]
[(87113, 71935), (23248, 34175), (32756, 50174)]
[(50762, 5847), (82353, 44302), (52470, 77530), (40777, 44657), (72489, 6085), (70065, 44211)]
[(79592, 50940), (43898, 57181), (93589, 87886), (78393, 16214), (22274, 40478), (90076, 32323), (30237, 54351)]
[(12515, 66117)]
[(77605, 39949), (5982, 57258), (57666, 19391), (12131, 57807)]
[(65158, 53355), (93144, 67191), (94599, 36603), (83440, 6016), (34026, 2006), (27529, 34916)]
[(93828, 42895), (19284, 24033), (27048, 44352), (62284, 27544), (10751, 36096), (28124, 91066), (58229, 5409)]
[(47144, 80645), (55836, 32879), (96245, 29887), (82331, 80799), (88870, 96357), (78437, 81204), (18727, 87497), (92852, 18226), (75495, 60270)]
[(98061, 85292), (12820, 30085), (7896, 82216), (47381, 56117), (95706, 23393), (77893, 75279), (6755, 22943), (98476, 55809), (77993, 4895), (54620, 87375)] 
[(62865, 10978), (79728, 70327), (12918, 52279), (9577, 69026), (21847, 74346), (70053, 55266), (50554, 56254), (69700, 70642), (62658, 99554)]
[(65173, 58843), (4199, 37804), (70598, 85589), (62925, 20622), (43693, 14643), (8745, 61182), (84090, 16979), (90543, 58655), (76483, 97924), (88492, 53363)][(66842, 43555), (43832, 19109)]
[(89711, 59913)]
[(99639, 79701), (9456, 85503), (41409, 31236), (4997, 50292), (52056, 34693), (58270, 98822), (3155, 45947), (55008, 44951), (67551, 40931)]
[(90516, 23494), (60020, 48988), (45961, 59711), (54134, 98148), (31686, 5593), (18375, 89137), (56726, 40457)]
[(13002, 86248), (90161, 92337), (55702, 39828)]
[(32714, 39454), (93890, 15909), (29409, 23657)]
[(65778, 61087), (79049, 48654), (84231, 18349), (64320, 98874)]
[(93725, 62819), (87298, 44663)]
[(97650, 27624)]
[(46796, 66326), (36265, 68443), (53780, 30549), (93061, 2842), (19818, 59491), (75327, 88522), (91866, 20075)]
[(9750, 22398), (9650, 66354), (43889, 88430), (78645, 61883), (56564, 25260), (16743, 83621), (67454, 8172), (88876, 75416), (23561, 92212)]
[(79109, 14663), (27197, 86842), (10546, 14042), (36763, 76386)]
[(5900, 94260)]
[(3933, 41859), (13982, 24116)]
[(89423, 27974), (83866, 16584), (77571, 93522), (67535, 57091), (9462, 20263), (44290, 46288), (45776, 85986)]
[(87895, 12695), (48019, 77850), (75773, 9628), (98221, 61125), (40333, 18456), (84217, 69207), (95136, 45904), (50323, 35811), (1789, 65587)]
[(87805, 54810), (20804, 30016), (10286, 48822), (44960, 66278), (94007, 90823), (20955, 40635), (73689, 56975)]
[(55088, 13830), (48618, 12058), (21938, 63093)]
[(61744, 50230), (99990, 8104), (10016, 21976), (70986, 20389), (97034, 31789), (37600, 65976), (41924, 89681), (10752, 57064), (29307, 17501)]
[(96701, 30450), (85992, 52048), (36090, 97311), (81773, 77281), (51361, 82265)]
[(64030, 18507), (50379, 98424), (4263, 90539), (38252, 24003), (12019, 59116), (39116, 32221), (96814, 24576), (24542, 55054), (97040, 19767)]
[(5565, 74470)]
[(86327, 20233), (20219, 2144), (9458, 34638), (58742, 95920), (15157, 67237), (77242, 83893), (71065, 50860), (57207, 66250), (42247, 39845), (12513, 44172)][(2401, 36611), (79251, 2334), (72385, 87564)]
[(27325, 23566), (88427, 65850), (33061, 72749), (88727, 29868)]
[(43061, 551), (28641, 55915), (52204, 1466), (50301, 95546), (77702, 83075), (72676, 63145), (72018, 93664), (219, 3018)]
[(40910, 97830), (43471, 36386), (63642, 57806), (46974, 71231), (12808, 44146), (82414, 25594), (98410, 36020), (24623, 15519), (4919, 81228), (44895, 71834)]
[(79066, 65661), (28023, 68322), (90405, 40399), (5750, 71972), (22731, 15498), (99146, 76583), (60075, 87484), (43866, 6593)]
[(6896, 16740), (42736, 89416), (69130, 60948), (7524, 46037), (22167, 90497), (77783, 3424), (24983, 93927), (15291, 11767), (78664, 16236)]
[(66987, 47184)]
[(79693, 38603), (68570, 91229), (92349, 97515), (76134, 76425), (91298, 43538)]
[(49930, 15458), (21272, 15769), (38041, 4392), (14648, 74293), (19963, 18188)]
[(30126, 16612), (63165, 67860), (1319, 11659), (62913, 6583), (20378, 28703), (47464, 9381), (4384, 87523), (72999, 99446), (47554, 2037), (62618, 506)]     
[(97051, 46843)]
[(24275, 74061), (60884, 81616), (38967, 91259), (51338, 66738)]
[(7491, 45989)]
[(9086, 32603), (27368, 95203), (86067, 27086), (1559, 24788), (19550, 58723), (30274, 362), (94631, 22842), (86533, 5285), (98137, 95834)]
[(48992, 95148), (67830, 68066), (69476, 87348), (89704, 41829), (93941, 86584), (98499, 59645)]
[(78651, 21891)]
[(9988, 95640), (75505, 34614), (56482, 76580), (8059, 65033), (76101, 30008), (60926, 73969), (66101, 15167), (75937, 8975)]
[(26193, 80174), (57816, 9769), (91874, 85262), (62763, 25908), (47580, 78611), (95520, 28016), (84070, 34968)]
[(98197, 13349), (15827, 36521), (82233, 47569), (41895, 2823), (67177, 99764), (13868, 80614), (33404, 90450), (69135, 55301)]
[(98536, 74063), (43615, 59732), (87594, 55325), (5323, 93672), (75432, 47766), (64552, 17438), (65742, 24280)]
[(82676, 98982), (95724, 21278), (70110, 34393), (61469, 91441), (45510, 21769), (86246, 1814)]
[(75596, 75657), (95196, 21762), (41239, 44969), (49148, 11366), (7931, 17400), (89301, 97036), (59393, 4178), (42716, 74681), (80935, 87455), (77864, 98264)][(3873, 63092)]
[(95189, 37555), (88172, 55543), (52413, 9429), (13266, 69595), (21234, 3498)]
[(77702, 93235), (92522, 89223), (2658, 38363), (89287, 52340), (69787, 52761), (17083, 56803)]
[(82270, 32762), (35391, 39064), (83316, 1439), (93347, 76092), (66307, 66175), (37156, 51500), (41067, 33163), (73133, 70747), (7265, 66644), (57937, 40543)][(70078, 95369), (1125, 79836), (15777, 21544), (91812, 37381)]
[(72328, 60137), (77943, 58211), (98220, 22889), (28455, 75694)]
[(67474, 7864), (89391, 90050), (12952, 99999), (84404, 2146), (10168, 15954), (43714, 27744), (36703, 69519), (42178, 94539), (32588, 49749)]
[(33849, 30351), (84718, 90794)]
[(76149, 99085)]
[(40325, 74374), (44039, 20834), (37244, 70223)]
[(29595, 29239), (17764, 83664), (80910, 26493)]
[(9996, 47959), (77070, 43057), (77773, 59113), (3514, 68944), (85496, 92121), (93674, 54208)]
[(75102, 19021), (97597, 98133), (81671, 58439), (22077, 33275), (83508, 61577), (18590, 82733), (72683, 73990), (50358, 96803)]
[(79776, 32287), (36216, 17934), (71044, 23592), (27624, 49658), (15407, 29516), (72211, 75344), (72747, 25402), (25855, 50660)]
[(25198, 47499), (59331, 45709), (14000, 84916), (3290, 32303), (53105, 59661), (89624, 63797), (37962, 84340)]
[(33816, 4387), (8297, 47127), (69572, 65379), (1435, 12518), (60773, 68917), (9808, 7410), (7680, 2035)]
[(97214, 78307), (34269, 52057)]
[(16507, 43063), (63241, 99123), (80753, 69093)]
[(75492, 99062)]
[(58902, 25891), (71971, 3155), (42186, 21048), (34956, 95776), (39467, 5673), (37863, 96889), (57863, 47722), (7267, 25830), (41114, 59474), (22073, 20309)] 
[(89042, 64067)]
[(47172, 61859), (87165, 71525), (97966, 14941), (42243, 77810)]
[(58041, 514), (99565, 30870), (44367, 24553), (12282, 22928), (65654, 48184)]
[(55918, 82295), (58605, 41148), (1912, 55524), (9902, 82591)]
[(49054, 12398), (10220, 34167), (94810, 85097), (19253, 11853), (99243, 65610), (31733, 12110)]
[(97419, 93483), (85636, 54763), (9060, 68931), (85778, 85551), (74946, 20083), (3208, 96034), (31087, 49066), (9131, 84683), (46425, 89718), (73926, 18348)] 
[(71295, 4425), (31325, 67702), (77671, 98480), (83546, 56540), (40438, 90278)]
[(69050, 5891), (2786, 30890), (4135, 70590), (25718, 22434), (89230, 91264), (95392, 6946), (67032, 54582), (12582, 2484), (4817, 89396)]
[(55070, 73629), (83321, 48181), (39349, 97333), (89475, 31562)]
[(45927, 72098), (97161, 61222), (44852, 6196), (57555, 20255), (47112, 25978), (7358, 85063), (12381, 80369), (77915, 91997), (48349, 97727), (46157, 55190)][(17314, 44439), (18733, 68875)]
[(77389, 76101), (21411, 39000), (80693, 7910), (77229, 4246), (44183, 11154), (76440, 64480), (56276, 5405), (46917, 79448), (35417, 54697), (90057, 41238)] 
[(31785, 99662), (83286, 54614), (24646, 15615), (50393, 72874), (51452, 20000), (80906, 36431), (23923, 79685), (11820, 89892), (21342, 36269)]
[(53313, 72844), (62572, 5350), (86692, 36505), (79695, 32277), (97215, 78842)]
[(43027, 59647), (8764, 2949), (91435, 99960), (58128, 66152)]
[(97705, 49676), (8105, 72445), (56793, 59956), (88466, 90959), (3213, 16445), (86807, 25844)]
[(36745, 94722), (23598, 48630), (15202, 17280), (76741, 54552)]
[(47319, 52390), (89413, 12526), (80405, 98058), (42230, 809), (8218, 5692)]
[(5405, 51112), (50831, 57113), (49227, 37141), (19325, 25736), (20251, 50097), (41283, 26414), (91079, 25068)]
[(60792, 53829), (59485, 71361), (90510, 45065), (25156, 23129)]
[(73205, 71286), (6296, 93376), (42179, 1475), (48427, 89201), (2717, 85691), (83050, 71760)]
[(20064, 23563), (67921, 95073), (75320, 94775), (60230, 96909), (45004, 82094), (9400, 86544), (63254, 51364)]
[(61457, 26107), (59024, 99380), (86770, 72455), (69060, 85347), (22430, 20051), (19537, 40272), (49721, 48958), (32681, 29934), (23440, 91296), (20877, 14147)]
[(49167, 42535), (27062, 86651), (35131, 75253), (61826, 41732), (95562, 62874), (46378, 9969), (98248, 59376), (59875, 80203)]
[(35305, 13538)]
[(79783, 7564), (35304, 8925), (77716, 63932), (42881, 77794), (91205, 15662), (48106, 7623)]
[(7853, 82448), (13369, 53378), (74946, 70174), (51403, 99551)]
[(92487, 12425), (89582, 85608), (9777, 95893), (1330, 64214), (56110, 15245), (15311, 3386), (87340, 91962), (15510, 23731), (90644, 9294), (52902, 98564)]  
[(11064, 62448)]
[(94637, 78005), (18651, 30407)]
[(90375, 93150), (48790, 30678), (97014, 18568), (2383, 68100), (962, 54005), (86436, 72143), (2397, 67687)]
[(65718, 54982), (55406, 71775), (16093, 70704), (54620, 35262)]
[(6344, 45148), (34245, 76897), (7082, 89902), (64421, 59290), (75725, 46765), (17645, 66930)]
[(46850, 32103), (47431, 32099), (37585, 80401), (68797, 91044), (20858, 63975), (68256, 90565)]
[(65500, 30039), (55696, 96004), (42439, 61603), (93144, 85965), (19154, 31363), (912, 79159), (21139, 58238)]
[(35825, 28446), (23468, 30759), (72809, 60733), (34479, 73174)]
[(87402, 26726), (19255, 92979), (15346, 91222), (24616, 46506), (37900, 60043), (55503, 98770), (97352, 30008)]
[(17404, 38214), (18857, 6404), (71768, 9313)]
[(22729, 76123), (69058, 77866), (55694, 57644), (90148, 96812), (60607, 27207), (26760, 63698), (87687, 65018)]
[(75700, 53476), (23431, 82662), (39310, 34048), (53616, 60349), (79136, 49893)]
[(84219, 76403), (68324, 65905), (73515, 69546)]
[(87874, 68427), (98848, 38462), (73635, 32086), (41618, 44059)]
[(6182, 81625), (40473, 9863), (31393, 90063), (1731, 76617), (85990, 55244), (94846, 66050), (41353, 47988)]
[(22589, 76457), (48590, 61146), (94163, 46505), (37331, 60063), (87634, 45188), (83553, 99987), (87666, 8776)]
[(36616, 26759)]
[(33627, 15872), (63295, 47217)]
[(89587, 7584), (69563, 55004), (80071, 3036), (99287, 47416), (2678, 51390), (71486, 10714), (28318, 51309), (85291, 89205), (54664, 47858)]
[(87396, 14451), (13690, 31721), (72288, 16452), (9327, 51464), (61419, 8884)]
[(5732, 44970), (67558, 52249), (94934, 90942), (47316, 59452), (67099, 75615), (49280, 47037), (43900, 54128), (62746, 11517)]
[(87016, 66260), (96408, 16937), (25666, 54226), (80250, 98981)]
[(42927, 43131), (82029, 16450), (85089, 78191), (60074, 30988), (78931, 77957), (94568, 80004), (6419, 76393), (49829, 69447)]
[(49815, 46055), (30766, 80341), (95790, 72319), (10621, 66043), (51475, 80917), (73666, 82107), (81740, 59122), (89309, 58570), (97300, 41732)]
[(79945, 56828), (25878, 37541)]
[(38592, 9714), (2659, 97885), (15084, 10271)]
[(20724, 41260), (73946, 22981), (21245, 79464), (68782, 88760), (47295, 94788), (32229, 64389), (94662, 63471), (5192, 87961)]
[(35845, 52599), (59990, 52922), (12642, 9640), (9456, 84267)]
[(29975, 9219), (55809, 8119), (97382, 72601), (69377, 86004), (33353, 67291), (97385, 6848), (98219, 56435), (78689, 48527), (9729, 625), (73292, 32355)]    
[(83091, 4658), (13424, 88145), (36927, 64486), (54468, 53617), (6471, 62045), (12147, 40021), (83845, 84128), (97830, 84052)]
[(86140, 27986), (45161, 91362), (89776, 9044), (19756, 41080), (91480, 26753), (45252, 55612), (57109, 5894), (73795, 74093), (10258, 97525)]
[(23494, 81515), (60615, 55493), (60383, 61282), (40625, 49039), (16470, 77445)]
[(67034, 58935), (89658, 85131), (21729, 17374)]
[(28197, 37883), (48703, 4246), (7465, 59385), (25090, 2878)]
[(45904, 29020), (33142, 79269), (86097, 19863), (70784, 71881)]
[(26084, 88817), (6442, 61387), (29437, 52386), (61063, 15075), (23567, 69347), (95278, 39221), (24874, 33876), (69355, 64290)]
[(34015, 65816), (68073, 86196), (86428, 57382), (44481, 99122), (36773, 80002), (10759, 73701)]
[(87492, 69532), (5350, 32109), (54857, 15026), (60045, 66069), (84937, 50744), (54730, 16871)]
[(61371, 88764), (20707, 54193), (40363, 31221), (31781, 85161), (76240, 89147), (80634, 11333), (45799, 76803), (14018, 23771), (322, 82107), (55150, 49210)][(29103, 82940), (9673, 69462), (54576, 33206), (43433, 93048), (16673, 87206), (30338, 36500)]
[(69590, 39109), (30784, 65681), (7325, 3216), (36025, 79841), (25601, 96329), (84235, 3145), (39815, 16540)]
[(1137, 48014), (61018, 28201), (61730, 65448), (33140, 70658), (40239, 62664), (66021, 40760), (75246, 51136), (90058, 55412), (16333, 33807), (70068, 28193)]
[(18765, 67019), (63984, 77290), (35240, 19238), (294, 75426), (96852, 37731), (3032, 33273), (49379, 17517), (74418, 71382)]
[(51701, 53203), (8384, 89278), (69558, 67538), (49779, 90490), (83625, 30271), (20336, 75125), (87825, 71434)]
[(5133, 23780), (12162, 28953), (89850, 95751), (19040, 31555), (83795, 76946), (9966, 77675), (36701, 2061), (91307, 62275), (50653, 83991)]
[(28967, 50355), (73047, 15699), (4359, 38105), (18829, 30282)]
[(98396, 50109), (60469, 73408), (76925, 94545), (84776, 93330), (38205, 49297), (94945, 8973), (74856, 86337), (84933, 42491)]
[(5572, 66135)]
[(79193, 94872), (47653, 14174), (26122, 20176), (93868, 18870), (75007, 9579), (8495, 86489)]
[(38291, 17895)]
[(20905, 86982), (78323, 55724), (24395, 87222)]
[(98912, 29272), (63037, 18722), (94768, 62303), (61866, 64561), (56256, 34733), (19216, 54501), (70611, 61189), (97421, 30030), (72129, 79443), (98383, 92819)]
[(56093, 97509), (41758, 58052), (50240, 57065), (74314, 44189)]
[(22277, 46993), (54137, 14641), (94871, 63687), (12795, 74513), (84519, 91350), (69941, 53384)]
[(38073, 8874), (33189, 50534), (47050, 99373)]
[(69311, 68289), (9326, 27379), (65232, 61359), (91028, 71412), (70780, 67976), (85800, 38811), (62629, 75198), (15332, 81104), (33624, 50000)]
[(87244, 41862)]
[(63512, 62781), (95010, 67182), (75259, 96886), (21727, 22390), (44319, 28800), (25498, 68878), (58389, 86523), (43112, 15792), (93513, 75693), (8671, 81077)]
[(61017, 75876)]
[(13274, 56096), (31968, 83686), (41621, 45947), (35388, 60713), (94433, 75838)]
[(68468, 43274), (95870, 56992)]
[(1891, 76048), (8317, 78916), (64890, 12105)]
[(56978, 65033), (61243, 63295), (87483, 61687), (92788, 64678)]
[(69451, 66055), (8033, 96760), (28071, 50552), (80415, 40296), (97186, 93234), (37056, 24108), (74337, 21281), (81387, 69058)]
[(98619, 8252), (38569, 2415)]
[(90557, 32596)]
[(87114, 43260), (28689, 23214), (79808, 95123), (64201, 4647), (14033, 78567)]
[(14302, 32780), (80004, 17564), (32330, 80395), (5064, 94192), (36909, 70714), (93022, 36578), (89034, 18682)]
[(91463, 66624), (88167, 80652), (92888, 13800), (38610, 75583), (52125, 6341), (75233, 63642), (99104, 2535), (73075, 71389), (52241, 98111)]
[(67710, 67743), (57800, 51339), (14676, 99564), (12154, 72575), (399, 24526), (31922, 75049), (13196, 2456), (22683, 46168), (47577, 37392), (1526, 92100)]  
[(58901, 38192), (89987, 2246), (91240, 43891), (12164, 42548), (40472, 14112), (61152, 56889), (82942, 91255), (77995, 24006), (3893, 10124), (6302, 46165)] 
[(32434, 43693), (2178, 14197), (63576, 82650)]
[(23989, 88419), (59413, 39337), (74516, 47501), (49139, 50126)]
[(47812, 85890)]
[(30161, 20397), (30616, 25305), (32821, 51237), (48453, 36378)]
[(25709, 24576), (24320, 11328), (64215, 22911), (29027, 36602), (65762, 89332), (70468, 54461), (61625, 42215), (99503, 33054)]
[(44032, 14562)]
[(30121, 69284), (5308, 91366), (32441, 54426), (70976, 56407), (43092, 73664)]
[(99607, 54356), (37525, 46783)]
[(62254, 33413), (56863, 59511), (13233, 91163), (75279, 36353), (99661, 10220), (39967, 83634), (43529, 2356), (51565, 28863), (43576, 10843), (33550, 10670)]
[(79057, 11370), (52680, 29557)]
[(34220, 59124), (56858, 31146), (16954, 95901), (21301, 87002), (50214, 505)]
[(38115, 48164), (46077, 87552), (51006, 30485), (62243, 42392), (86413, 93538), (77615, 21259), (62459, 59292), (66753, 92995), (74124, 21257), (58459, 42985)]
[(88766, 47480), (35869, 60420), (40096, 94290)]
[(54019, 84445), (98865, 42223), (81601, 54802), (91836, 303), (83802, 21809), (91803, 37994), (55016, 87476), (48581, 76508)]
[(39402, 84045), (59198, 13177), (57753, 72242), (24394, 39578), (60309, 98271), (91340, 75961), (34374, 57354), (9497, 42091)]
[(1588, 95782), (72614, 71431), (8393, 14366), (51170, 39913), (3493, 75699)]
[(12055, 80014), (48439, 78611), (80528, 60788), (64598, 6325), (6107, 39278), (19488, 1020), (5266, 36270)]
[(88218, 83644), (57796, 81798)]
[(84944, 6509), (2566, 3173), (96073, 65129), (33073, 38077), (20789, 28214), (59820, 42272)]
[(12479, 28556), (73879, 7790), (63600, 39927)]
[(85623, 84535), (30403, 34784), (80873, 17729)]
[(4324, 22311), (82397, 47215), (91778, 30833), (73981, 23210), (1686, 68718), (52529, 48640)]
[(46785, 53101)]
[(7230, 18618), (80525, 54067), (96516, 13626), (6301, 65968), (40883, 31744), (11815, 82756), (11556, 93017), (33960, 17957)]
[(66278, 37043), (81984, 76180), (81225, 86412), (9021, 32089), (47611, 68488), (80888, 17490), (20548, 52336), (99544, 49337), (74688, 51565)]
[(71299, 27433), (5068, 26464), (94931, 83656), (47561, 77018), (75149, 18250), (53382, 60825), (1041, 68778), (16375, 99338), (88105, 16343)]
[(6843, 57244), (99686, 78301), (21071, 2510), (46480, 43777), (14296, 67277), (94013, 31228), (32981, 36473), (62919, 88031), (12947, 5125)]
[(23820, 74793), (804, 72632), (73211, 80466), (80472, 21788), (37388, 31426), (13711, 15430), (26108, 40825)]
[(70563, 64050), (93806, 7841), (69597, 81168)]
[(85246, 79115)]
[(30882, 30316), (64365, 63247)]
[(12907, 92033), (22818, 14602), (40961, 67301), (62219, 59329), (18161, 60810), (60635, 47688), (87617, 83480)]
[(1666, 37712), (62236, 27269), (30453, 10411), (51488, 44630), (97776, 68923), (93418, 10942), (37941, 97563), (75754, 9457)]
[(99528, 21002), (47673, 84346), (56665, 85241), (19848, 607), (37106, 5829), (7526, 52696)]
[(41732, 86063), (41375, 3872), (10775, 74404), (86524, 35643)]
[(71584, 99489), (77349, 51498)]
[(3291, 42643)]
[(53108, 43185), (6432, 98593), (1707, 42594), (79299, 91709), (28709, 74218), (77983, 17747)]
[(78139, 90808), (478, 83066), (28493, 95442), (37469, 7551), (58024, 24059), (8253, 73159), (82326, 98626)]
[(32384, 32356), (78308, 25881), (60863, 88707), (7038, 17257), (90578, 35047), (54877, 76716), (51183, 54076), (9060, 67544), (94888, 82924)]
[(24293, 62980), (43303, 24796), (80631, 11301), (83272, 83172), (71831, 12929), (72512, 36777), (37266, 17314), (79041, 45167), (50540, 69252), (35766, 92100)]
[(38172, 93881), (14771, 42617), (17322, 61588), (29084, 84244), (61975, 49930), (79900, 41831), (83843, 70536), (20367, 60196)]
[(99223, 11590), (59817, 85962), (23579, 10749), (36894, 79768), (97550, 79857), (93942, 38196), (27904, 2885)]
[(34373, 41938)]
[(45662, 87605), (20745, 52169), (95166, 55105), (68114, 82511), (27808, 9763), (40660, 6769), (86467, 33401), (81433, 54190), (10299, 72596)]
[(94799, 37897), (59250, 26091), (16802, 96467), (50874, 40369), (21156, 12261), (22590, 63682), (29289, 5460), (42535, 35910), (55570, 8789)]
[(85575, 75306), (70831, 93767), (71218, 67496), (39257, 88520), (28201, 23458), (50653, 15180), (22007, 77409), (72397, 78054)]
[(57441, 67001), (1372, 89368), (22116, 33926), (22452, 19416), (75885, 97925), (34385, 45122), (91067, 45579)]
[(63666, 74803), (55959, 72966), (16714, 55892)]
[(23800, 41615), (14463, 30997), (30563, 99415), (352, 14398), (35771, 84912), (32342, 19344), (85854, 87092)]
[(34023, 76529)]
[(29283, 65429), (89421, 13245), (12647, 44858), (84816, 61938), (23443, 99871), (50130, 75622)]
[(79960, 77611), (24285, 47708), (93505, 32591), (47535, 61443), (95456, 63402), (8859, 51912), (99403, 16538), (209, 59355), (75970, 12017)]
[(61093, 49929), (50960, 74307), (9473, 29361), (31291, 10911), (82452, 79469), (50210, 75143)]
[(58044, 4314), (65383, 74209), (35797, 74183), (13786, 49269)]
[(40516, 15129), (58143, 76613), (35895, 32565), (83915, 13564), (82536, 94278), (51184, 98492)]
[(78353, 40775), (1022, 49138), (92353, 24544), (81083, 7375), (11545, 24539), (10835, 82424), (10113, 63612)]
[(72652, 73810), (82199, 78933), (44395, 36123)]
[(64775, 48181), (94120, 49760), (55504, 2473), (73459, 17568), (7951, 71123), (71872, 45930), (33326, 97423)]
[(57648, 96647), (21634, 37274), (32890, 34895), (45978, 70431), (78634, 99861), (47743, 84504), (66953, 17420), (60630, 33622), (47716, 98931), (45979, 52288)]
[(14343, 9344), (17056, 95444), (25911, 39450), (59521, 9770), (53646, 73645), (75887, 22649), (22868, 11720), (75378, 48118), (1793, 21808), (87398, 96594)] 
[(53577, 82348), (92903, 32275)]
[(9380, 57328), (35239, 47382), (33027, 93255), (47117, 22556)]
[(14868, 23346), (45484, 35250)]
[(44320, 32253), (2544, 75737), (77452, 95224), (48824, 56347), (47961, 95475), (62639, 93127), (20408, 96443), (13963, 20910), (7457, 27028)]
[(32220, 68865), (56195, 72593)]
[(20993, 8880), (60088, 15506), (57140, 72443), (70056, 67190), (92608, 15687), (54328, 68795), (26374, 81992), (47340, 66393)]
[(34404, 75393), (70317, 46715), (18893, 83379)]
[(37627, 94654)]
[(76851, 8706), (41047, 49962), (29879, 73309), (56835, 82566), (34877, 49461), (80183, 24634), (78593, 64247)]
[(5837, 23048), (48692, 36244), (79929, 55705), (35144, 7380), (12102, 88327), (51697, 6130), (53833, 863), (93831, 52308), (53343, 70160), (45904, 77029)]   
[(71022, 70043)]
[(33022, 52971), (58013, 80022), (66659, 74630), (67453, 49949), (89221, 7441), (40405, 88509)]
[(34215, 99417), (39538, 8847)]
[(90829, 52737), (1457, 50231), (11586, 80543), (43100, 78759), (325, 56341), (85358, 29729), (42241, 6210), (20682, 96576), (25733, 37870), (5453, 81789)]
[(79594, 22799), (96629, 24846), (13073, 41617), (53628, 14739), (20284, 98881), (88752, 57723)]
[(34198, 35708)]
[(93794, 69360), (97954, 34821), (67361, 8471), (59971, 9889), (36420, 61810), (99190, 86281)]
[(16696, 91510), (85665, 61030), (48811, 78464), (22204, 74629), (99017, 50110), (47973, 36042), (89159, 45535)]
[(14031, 93677)]
[(58425, 8684), (55849, 8228)]
[(72039, 62017), (56839, 98261)]
[(59463, 17097), (92914, 97031)]
[(34004, 72636), (61857, 24653)]
[(87193, 66656), (41857, 14890), (67130, 69266), (58413, 30512)]
[(60966, 2055), (99642, 45192), (65215, 94656), (5891, 71947), (45119, 439)]
[(75223, 46567), (65389, 9743), (60812, 62416), (35629, 74893), (48014, 77231), (23734, 61011)]
[(81580, 17756)]
[(14318, 87454), (56198, 15492), (66422, 67477), (16381, 10296), (96473, 71279), (69569, 44545), (18502, 36705)]
[(24667, 7086), (24634, 38953), (44544, 15995), (29823, 93289), (90236, 53884), (21791, 48664)]
[(93835, 77280), (54456, 49988), (24645, 27733), (63268, 71830), (87954, 73444), (1387, 80814), (52102, 9764), (38707, 55294), (99898, 30349)]
[(86909, 48007), (92783, 71745), (28329, 18671), (66613, 58230), (86469, 12839), (76283, 98794), (73258, 6728), (45445, 95273), (88062, 70418)]
[(46520, 41749), (66628, 28105), (99191, 61209), (2953, 1307), (71595, 78985)]
[(70510, 29209), (92601, 41557), (25726, 61381), (90547, 90500)]
[(9713, 63204), (69863, 28412), (33105, 305), (72549, 56146), (10349, 5427)]
[(62804, 79422), (87033, 90309), (66247, 96628), (20159, 42365), (45974, 4935), (34037, 75701), (30059, 41352), (98776, 904), (35974, 91089), (11456, 64432)] 
[(34228, 79626), (63081, 75860), (9229, 96075)]
[(30145, 16486), (62081, 13978), (9096, 12519), (30512, 40445), (59112, 94450), (9471, 23521), (89455, 58134), (96466, 12092)]
[(54042, 63436), (27657, 53657), (83054, 54109), (16989, 28453), (32528, 83813), (56306, 3780), (89601, 30021), (50250, 10260), (89847, 3467)]
[(50647, 92155), (20825, 96850), (72260, 77905), (32678, 21267), (79735, 61580), (6375, 15340), (85126, 76528), (75258, 47812), (15832, 27158), (95097, 91136)]
[(32172, 85884), (29906, 45828), (3105, 20757), (93407, 17406), (5662, 6461)]
[(3907, 84290), (14344, 7359), (61313, 34656), (627, 72690)]
[(32919, 62231), (67126, 11809), (44212, 43617), (36339, 6229), (44525, 54898), (31262, 90211)]
[(56198, 3471), (13128, 9050)]
[(13780, 53097)]
[(97240, 48494), (95840, 83862), (67511, 7201), (94092, 11758)]
[(40709, 91200), (97230, 66211), (92554, 82610), (82861, 12534), (3980, 93710), (21377, 74222), (18388, 40875), (16148, 3518)]
[(90360, 51867), (14421, 24925)]
[(63234, 56405), (9841, 43333), (34439, 55608), (22048, 86200), (71692, 42559), (18416, 84897)]
[(53667, 73169), (71034, 72892), (60960, 98639), (42814, 13277), (8247, 67933), (49868, 61563), (74723, 79997), (50135, 92067), (54913, 90775)]
[(24559, 82337), (68561, 65534), (98112, 37404), (71692, 62749)]
[(43439, 43123), (17668, 87666), (32219, 77901), (28657, 25766), (60231, 20181)]
[(68511, 27338), (99660, 65037), (37641, 88946), (72091, 54567), (58181, 85248), (54414, 14423), (83432, 69787), (65353, 86030), (82239, 33753), (94712, 98217)]
[(14521, 58257), (90588, 44982), (66455, 62996), (9873, 88475), (86428, 69049)]
[(36901, 67517), (18683, 48550), (2169, 22577), (67417, 58727)]
[(29056, 12713), (58207, 36456), (54944, 90744), (89634, 88557), (9792, 55614), (34412, 5417), (48867, 39859), (51017, 68178), (5853, 46355), (88682, 69409)] 
[(91109, 59455), (14068, 5975), (39010, 41633), (85505, 45698), (4362, 87066), (97345, 35490), (61003, 34927)]
[(1079, 6427), (9632, 58807), (54055, 67606), (35166, 75099), (59966, 57519), (81510, 46224), (11253, 77760), (23206, 76997)]
[(98024, 12546), (72790, 33354), (42843, 56327)]
[(95405, 26058), (79980, 92955), (601, 74166), (21641, 56228), (84212, 91330), (52286, 96167), (90264, 41305), (53932, 14083), (95636, 8066)]
[(61927, 49944), (18516, 79373), (15940, 59530), (56615, 56305), (88097, 91756), (63464, 68453), (37532, 75761)]
[(52689, 59244), (37322, 18377), (45518, 79018)]
[(82321, 54571), (39909, 13074), (88601, 8844), (38067, 74973), (22833, 48095)]
[(58853, 31353), (81554, 2900), (78501, 31800), (13703, 99395)]
[(35430, 45253), (74185, 59578), (39240, 18997), (20387, 52084), (57878, 22206), (4379, 53621), (14589, 21704)]
[(95523, 33613), (67960, 45051), (50932, 827), (97203, 15400), (36601, 30885), (26393, 18424), (65355, 67547)]
[(34726, 91292), (51965, 22892), (17277, 91249), (67071, 45506), (9395, 70210), (19899, 3066), (95920, 78515), (39003, 37602), (29723, 39862)]
[(20519, 67169), (20108, 70830), (93619, 71504)]
[(91337, 34556)]
[(55960, 53739), (67645, 79100), (11047, 84992), (21064, 54443), (94179, 67976), (44841, 399), (77286, 77508), (36535, 603), (31028, 77698)]
[(92647, 9013), (63478, 29645), (14098, 72261), (52510, 56825), (29658, 70266)]
[(48061, 2248), (53349, 37654), (98232, 37370), (1780, 33683), (25164, 13393), (39810, 40547), (33919, 37842), (84078, 75072), (69511, 49079), (50324, 31057)][(33314, 71551)]
[(53815, 52530), (63182, 69072), (8039, 28635)]
[(36437, 19870), (60370, 17092), (57377, 99002), (88373, 36849), (61286, 4821)]
[(97386, 58413), (91350, 55560), (10036, 36243), (38909, 4967), (46227, 4010), (76505, 591), (35370, 28567), (91054, 97360)]
[(26041, 1403), (26568, 4282), (81415, 60404), (83319, 64279), (31890, 72497)]
[(58030, 20852), (51598, 25807), (43452, 6299), (41527, 34387)]
[(28981, 41957), (80790, 88044), (84116, 38831), (55243, 49210), (62752, 84268)]
[(43146, 78143), (583, 24371), (98400, 1296), (79944, 67647)]
[(82765, 23932), (45229, 48566), (89135, 66487), (25871, 18443), (90089, 56067), (96552, 32017), (80838, 60382), (90672, 38415), (57976, 87979), (86705, 16978)]
[(29253, 84456), (25023, 17364)]
[(21683, 61389), (72670, 50921)]
[(43099, 15972), (37048, 44259), (11025, 17575), (15641, 91814), (2278, 22317), (45009, 70053), (49674, 16146), (90280, 7792)]
[(13312, 22053), (7697, 51093)]
[(59720, 17396), (61477, 23216), (54433, 18468), (45486, 75525), (84716, 38423), (22261, 66380), (32834, 37396), (41593, 56939)]
[(58485, 16985), (35023, 31263), (26575, 65330), (62083, 19659), (1288, 67866), (48018, 67787), (77829, 42837), (96641, 31474)]
[(80783, 68931), (54567, 49022), (10710, 20549), (80459, 92063), (29425, 50644), (82689, 35565), (7733, 39473)]
[(95579, 49852), (27556, 46106), (75800, 65518), (55580, 51383)]
[(56746, 91198), (64998, 1233)]
[(27249, 34166), (6192, 51713), (91541, 12668)]
[(55355, 6422), (37551, 29701), (1166, 984), (90493, 3863)]
[(97561, 43456), (66287, 16547), (74365, 4291), (16142, 87792), (96751, 22527)]
[(96579, 66282), (99050, 57690), (62808, 67013), (73492, 37150), (43011, 23392), (29757, 19372), (3200, 33559), (87844, 59292)]
[(97622, 84854), (50211, 72422), (66614, 88237), (2364, 30717), (19977, 89111), (2707, 21515), (88630, 84953), (59887, 47028), (37035, 11458), (29012, 67857)][(98775, 36304), (8215, 5927), (15990, 25473), (46633, 88267), (466, 19985)]
[(58868, 40134), (61429, 94526), (3962, 22002), (17814, 39160), (57922, 77285), (89772, 21769)]
[(28725, 35140), (7127, 46519), (56982, 21922), (93418, 57904)]
[(76039, 42833), (85384, 23838), (74465, 93661), (42700, 86863)]
[(11391, 36360), (38442, 29717), (58254, 50502)]
[(86512, 51491), (93428, 4525), (38835, 1904), (86167, 87413), (6425, 67787), (52473, 99690), (60173, 49996), (89326, 57875), (76912, 95583)]
[(89898, 4697), (32972, 19808), (72578, 2591), (37345, 65698), (96137, 79345), (44530, 91234), (88579, 95765), (88984, 54266), (63034, 3216)]
[(41872, 4572), (39985, 20305), (87078, 97778), (33889, 15992)]
[(27694, 89545), (78224, 34883), (85566, 94438), (64863, 71321), (79616, 20842), (51057, 73532), (74759, 63459), (44909, 96657), (97753, 80592), (15311, 18654)]
[(11041, 29301)]
[(98983, 53097)]
[(67529, 2777), (43249, 57269), (93179, 45028), (56938, 34771), (30898, 24197)]
[(68479, 77249), (85971, 3504), (53815, 80632), (23521, 40039), (50370, 22218)]
[(17893, 4771)]
[(97481, 60388), (56171, 70300), (67388, 87643), (5353, 1278), (99935, 67324), (90703, 62608), (90240, 98536), (24629, 71137), (91127, 70954)]
[(67344, 70425), (40495, 49135), (46976, 43631), (44396, 89006), (72696, 89184), (39661, 46385), (17132, 33709)]
[(2155, 69282), (60450, 33562), (35438, 89171), (12466, 27772), (46368, 52596), (79242, 71392), (23130, 27572)]
[(63693, 30660), (50815, 63610), (44766, 55855)]
[(40846, 30486), (51805, 63677), (82542, 93318), (53844, 55441)]
[(81755, 92064), (41888, 71239), (84395, 71880), (30823, 64379), (5838, 97137), (56594, 25953), (65985, 5281), (65157, 3004)]
[(94752, 26081), (33496, 71502), (44768, 30682), (53505, 8513), (91053, 74914)]
[(8357, 75177), (72617, 54136), (7738, 44326)]
[(2590, 65188)]
[(66414, 70822), (7717, 72173)]
[(26875, 44614), (37966, 19416), (15740, 26015), (6215, 81845), (43109, 90705), (7419, 77471), (44297, 80621), (6303, 82812), (24429, 40652)]
[(42659, 27113), (43741, 66114), (36228, 27741), (19742, 68915), (7454, 32346), (94518, 26962), (87132, 5493), (96697, 59489), (21529, 53881), (73485, 73828)][(63419, 34919), (1370, 88997), (42821, 78759), (28917, 91613), (15092, 68926)]
[(85646, 80132), (48709, 89579), (11300, 67153), (70998, 15560), (18017, 40176), (32331, 52688), (30166, 46242), (84264, 40110), (68659, 3592)]
[(31486, 25734), (71612, 29241)]
[(93600, 92505), (42512, 18580), (19831, 65414), (76124, 80035), (9233, 1724), (35913, 53536), (37598, 13870), (42958, 27815), (24569, 49683)]
[(23184, 97804), (41136, 72921), (48836, 17097), (94491, 23640), (43248, 66599), (78315, 13756), (20145, 63659), (56146, 61261), (17489, 72072), (22602, 33680)]
[(97611, 36615), (5355, 17672), (2726, 77284), (32892, 51246), (21211, 7041), (22208, 50119), (55616, 39604)]
[(32050, 83590)]
[(22574, 74685), (73561, 99007), (61596, 3667), (5247, 27637), (10148, 82920)]
[(99070, 41907), (2095, 34558), (99643, 86871), (43907, 80976), (41156, 78018), (65061, 63808), (57275, 1521), (84292, 50369), (19454, 61024)]
[(2487, 6722), (685, 91620), (95937, 24400)]
[(45736, 4739), (86798, 14493), (89456, 459), (66415, 6963)]
[(69277, 46458)]
[(44077, 45650), (26681, 3022), (31375, 40152), (74164, 25918)]
[(47059, 78547)]
[(21382, 88972), (54022, 80101), (46095, 91903), (17278, 15737)]
[(78665, 78802), (40789, 92493), (78801, 20619)]
[(68344, 65620)]
[(60333, 44154), (22376, 24642), (27450, 62980), (26647, 43315), (73145, 35957), (47833, 47800), (62448, 98970), (95074, 7440), (22717, 94541), (29664, 95010)]
[(45322, 87591), (66962, 5758)]
[(78071, 66492), (63838, 89690), (63250, 48551), (71572, 68247), (40524, 4334), (78626, 86920)]
[(62146, 8940), (67011, 92792), (93010, 6956), (59121, 31943), (39148, 99470)]
[(6212, 66371), (43345, 38158), (16921, 63821), (94775, 87453), (48616, 78158), (33150, 91221), (90015, 55538)]
[(56138, 30674), (36507, 19303), (22627, 17097), (65935, 88665), (67612, 29195)]
[(59549, 2269), (70606, 63780)]
[(96955, 69757), (43236, 60960), (75664, 12178)]
[(38267, 23165), (3609, 33874), (57881, 71070), (61216, 91354), (92326, 22031), (44517, 24335)]
[(57277, 69584), (46745, 86084), (86, 37531)]
[(40646, 46302), (28877, 1534), (48774, 20544), (99357, 85752), (97543, 66811)]
[(78644, 70063)]
[(80056, 11740), (89276, 74632), (5603, 63610), (57608, 17590), (68016, 40921), (37364, 78373)]
[(85939, 16128), (88944, 37611), (83309, 45474), (99998, 51211), (80462, 10021), (88746, 14256), (99328, 1870), (89896, 69946), (53556, 42566), (72527, 7521)][(65529, 43041), (29236, 85046), (21581, 48859), (98197, 46681), (41394, 46728), (24551, 38495)]
[(45803, 40182), (11138, 17010), (85414, 26473)]
[(85770, 61929)]
[(90987, 84133), (78615, 25636), (99672, 49239), (58889, 46601), (80561, 43213), (5467, 11655), (48548, 93500), (20701, 88214), (54947, 38970), (30239, 27576)]
[(6386, 32633), (62653, 85946), (66372, 59759), (53784, 41918), (55147, 46089), (98084, 77275)]
[(24903, 281), (27552, 80783), (51582, 74689), (4452, 74539), (74076, 64278), (9962, 25294)]
[(4661, 51849), (66337, 1376), (39908, 8984), (83682, 27352), (78521, 38748), (49484, 24237), (46062, 11277)]
[(80791, 50103)]
[(98581, 11885), (16314, 22759), (74236, 16050), (41827, 27370), (19942, 90007), (82828, 55411)]
[(84079, 98008), (41805, 13818), (69620, 36020), (9086, 15580), (59515, 88536)]
[(61321, 83505), (99426, 90506), (26880, 44668), (44186, 50270), (47186, 71573)]
[(53447, 4025), (8525, 10752), (54523, 43101), (20781, 99409), (93445, 6853), (62463, 22073), (10334, 87203), (50292, 67176), (93470, 70324)]
[(95859, 10614), (93567, 11182), (77980, 94802)]
[(30478, 78298), (94302, 73799), (80049, 10027), (60936, 92936), (24, 64760), (34966, 28745), (51034, 27470)]
[(59142, 41365)]
[(73728, 27989), (91635, 99534)]
[(5182, 38374)]
[(42014, 84487), (61525, 85038), (9551, 38431), (96643, 99068), (18458, 76796), (10380, 22962), (80021, 519)]
[(4779, 2512), (21164, 94405), (90213, 43653), (46532, 46117), (2995, 5875), (58522, 10226), (42444, 70544)]
[(87848, 18199), (43468, 79433), (55461, 67265), (71142, 51444), (67667, 11666), (83272, 96891), (71147, 634), (82334, 72595), (51706, 66945), (10901, 77103)][(4015, 49389), (87623, 8904), (29800, 47408), (2824, 83883), (17919, 45854), (715, 12357), (60753, 88747), (53536, 29505), (16243, 90663), (41517, 23424)]
[(72686, 63218), (6726, 1943), (50965, 66835), (61534, 50325), (68228, 26982), (37691, 60203)]
[(38431, 82785), (65138, 86131), (59044, 18776), (95996, 42222), (72003, 33149), (20180, 81021), (46494, 65569), (30799, 40570), (46590, 17599)]
[(84596, 83245), (4311, 15988), (69653, 66449), (51572, 89623), (89006, 41003)]
[(22719, 90067), (53770, 30728), (25872, 12322), (69431, 37728), (48304, 92927), (6054, 44463), (8953, 92391), (50642, 16551)]
[(82378, 68561), (4413, 78552), (51930, 32124), (10426, 45237), (21176, 52106), (52121, 35315), (12386, 85749)]
[(36359, 22274), (17745, 51056), (89633, 42959), (40760, 10967), (21090, 94716), (72407, 98719), (98918, 89602), (86067, 9282), (84482, 28037), (62271, 62031)]
[(12489, 26236), (21798, 91182), (41164, 6874), (60685, 81221), (87674, 34523), (7713, 23803)]
[(57583, 69281), (76402, 92387)]
[(23286, 69512)]
[(12045, 8076), (40806, 48870), (79291, 8787), (18651, 90083)]
[(46573, 48621), (26595, 18134), (81311, 93148), (26346, 22568), (90141, 68545), (19596, 62636), (95265, 81585), (48648, 10720)]
[(57121, 98134), (98115, 46496), (27532, 28108), (40363, 29149), (97941, 87584), (33380, 68860), (30200, 36414), (27872, 22001), (14986, 48794)]
[(74387, 24347), (76532, 87716), (1636, 66827), (21015, 98149), (34420, 47511)]
[(47064, 94766), (8274, 26946), (1457, 67104)]
[(76438, 42811), (78761, 3648), (48281, 46789), (44877, 82834), (57603, 47730), (42873, 52297)]
[(86700, 24073), (11420, 83604), (56744, 57180), (7670, 10166), (64045, 43038), (77321, 13625), (61431, 97154)]
[(69448, 54569), (52754, 53466), (28956, 15051), (58021, 21169), (93520, 47916), (55659, 67615), (43440, 24956), (53640, 16589)]
[(41887, 88909), (30206, 44574), (97285, 17502), (93378, 34893), (31140, 74449), (201, 45426), (73803, 268), (95151, 20369)]
[(97467, 59394), (53652, 76499), (52359, 59835), (63686, 60266), (34379, 5025), (3466, 90155)]
[(80461, 73577), (91718, 76507), (61027, 15197), (23212, 69026), (85428, 80019), (37117, 29428), (56803, 85383), (93782, 92434), (36887, 54140), (96534, 49166)]
[(60416, 23577), (54400, 17786), (71564, 207), (27203, 73787), (42206, 89730), (29864, 18788), (10894, 81589)]
[(67735, 77939), (24596, 82366), (90886, 69060), (58630, 71584), (6193, 3317), (57314, 30652), (31283, 25747), (96454, 29648), (38934, 58812)]
[(87557, 8093), (37874, 33304), (42662, 92055), (21744, 13527), (43007, 83335), (46777, 58663), (47896, 79417), (51606, 35571), (11475, 65013), (19397, 14994)]
[(9831, 7667), (73797, 11312), (31342, 29627), (53787, 60877), (29584, 9284), (95129, 22737)]
[(77793, 45310), (15566, 44544), (12560, 1900)]
[(317, 40305), (42731, 76034), (93125, 10295), (65768, 26153), (8081, 66688), (65337, 1133), (98860, 80203)]
[(87012, 36206), (21381, 47183), (33665, 60345), (73258, 8444), (82838, 94245), (92710, 71157), (12496, 33772), (90560, 42405), (93512, 92434), (63977, 52737)]
[(98545, 45990), (8595, 49440), (47441, 1194), (96690, 66942)]
[(50039, 62331)]
[(64020, 32336), (35975, 25591), (31985, 71578), (84223, 43753), (56175, 75194)]
[(88981, 38927), (25318, 67326), (85478, 75047), (77990, 33506)]
[(66191, 86015), (38096, 99778), (78932, 19922), (26893, 32845)]
[(7126, 39165), (76254, 48634), (52607, 26725), (82585, 45861), (7124, 21728), (44007, 53650), (798, 29092), (42110, 92416), (22510, 69723), (40098, 15095)]  
[(92785, 14858), (74740, 31275), (7941, 32666), (66318, 71494), (73623, 64088), (45134, 84273), (42654, 88574), (324, 43092)]
[(26897, 22539), (44406, 46834), (58906, 43103), (95009, 33306), (44917, 78449), (63432, 90690), (16613, 52311)]
[(2769, 53749), (23365, 70949), (95466, 95640), (63349, 80521), (65021, 90860), (745, 34173), (64147, 32977)]
[(99462, 95634), (80760, 22406), (15016, 36606)]
[(2829, 22353), (82360, 68242), (73875, 8551), (10267, 80594), (47260, 82745), (55722, 88677), (55412, 19447), (86280, 98372)]
[(48699, 59834), (70671, 88072), (98621, 7970), (7488, 10457), (53494, 33362), (60838, 34864), (79191, 19692)]
[(68981, 8237), (84179, 53969), (3783, 35876), (30116, 97863), (73714, 24233)]
[(49988, 59786), (64056, 9947)]
[(80591, 71200), (79653, 51506), (62064, 28673), (49787, 32842)]
[(5879, 81840), (80777, 69133), (99198, 35649), (73211, 75629), (81578, 12420), (56928, 94732)]
[(84103, 28541), (24725, 40854), (77488, 84655), (35930, 9111), (61049, 91075), (15995, 53688), (73533, 5291), (38443, 76557)]
[(89630, 54503)]
[(64094, 16853), (41753, 59424), (54243, 55921), (27811, 86763), (27137, 36488), (84726, 83178), (16369, 3983)]
[(31043, 22619), (35672, 11834), (27764, 10591), (7420, 88860), (26331, 62841), (70726, 86546)]
[(3417, 31567), (69270, 85586), (60391, 49085), (5034, 46496)]
[(73488, 63440), (4540, 72964), (72737, 73241), (10555, 90523), (61957, 13613)]
[(52920, 24656), (91067, 85307), (86961, 92295), (14734, 94611), (9736, 54346), (23382, 12384), (64814, 82871), (10853, 20277), (61973, 88343), (85606, 81116)]
[(91611, 17428)]
[(13358, 77380), (61632, 45156), (88027, 45717), (70392, 72263), (38596, 82280), (81420, 46042), (51525, 4962)]
[(30742, 69385), (1683, 39202), (40947, 74097), (75192, 41534), (50471, 95656), (87381, 13117), (22988, 70997), (47403, 71121), (74540, 67215), (33310, 82025)]
[(44640, 46711), (42001, 90408), (76780, 33096), (27255, 41588), (63721, 72939), (83635, 14452)]
[(24233, 71895), (46237, 56817), (94948, 47168), (41341, 12693), (67681, 85271), (37312, 7244), (43835, 99417), (2123, 94367), (7917, 79186), (21811, 70514)] 
[(14830, 97343), (6892, 88848), (28613, 41330), (2104, 31085), (48911, 20096), (46410, 31455), (54000, 21124), (37075, 34090)]
[(61963, 11045), (1234, 62077), (35986, 70879), (96808, 73820), (45401, 8296), (57703, 56977)]
[(55050, 2230), (47644, 62343), (21998, 42840), (95196, 62297), (53102, 63807), (19423, 52545), (39760, 70300), (26400, 22304)]
[(47593, 77704), (50276, 1685), (67645, 18895), (66643, 5086), (43076, 57619)]
[(1964, 43622), (23789, 59771), (34381, 89283), (48936, 71746), (23318, 33551), (30664, 54741)]
[(17948, 69394), (74448, 84419), (51267, 71428), (59315, 20197), (54672, 58262), (80698, 32708), (66273, 67491), (92199, 25979)]
[(78603, 93802), (12603, 7884), (48600, 52308), (72830, 42183), (45941, 53386), (29187, 8067), (14558, 48661), (42762, 97613), (74911, 44699), (15782, 95392)][(39934, 14462), (18402, 78945), (88012, 65261)]
[(25300, 22999), (1193, 50369), (39148, 63544), (79053, 31293)]
[(94394, 9462), (11894, 94517), (32398, 29207), (64611, 97773), (32214, 50166), (55390, 61697)]
[(40996, 68236), (52079, 28955), (37099, 69105), (1746, 45422), (55774, 417), (57575, 2970), (58954, 5921), (84678, 44276)]
[(79330, 59316), (8085, 86513), (51882, 15076), (9284, 36010), (68940, 53209), (11106, 22949), (36414, 57077), (4295, 37293), (27929, 28788), (43487, 15534)] 
[(83899, 24197), (61771, 68686), (26121, 82091)]
[(89358, 18667), (38749, 33358), (4097, 17974)]
[(39034, 54580), (66778, 83905), (52587, 60076), (70843, 92541), (22125, 91864), (88724, 33440)]
[(18497, 25614), (61457, 17397)]
[(1691, 47772), (86247, 7026)]
[(59576, 43799), (93634, 40304), (89480, 5222), (25121, 26404), (22077, 21056), (60286, 50876), (70977, 69257), (1312, 50496), (3114, 52163)]
[(7345, 41608)]
[(73433, 8128), (93860, 71397), (31874, 58440), (26320, 12411), (53209, 89125), (25957, 92980), (48688, 14304)]
[(23946, 5501)]
[(7664, 86539), (84792, 21595), (19995, 68395), (26843, 87134), (43122, 57886), (41586, 38268), (29785, 9167)]
[(23367, 94390), (58607, 8584)]
[(98218, 58469), (29101, 88171), (7499, 49655), (33583, 36079), (86153, 32596), (91822, 98138)]
[(13327, 93820), (41178, 39018), (4526, 58939), (34134, 35097), (2986, 11948), (16338, 8610), (6301, 56777), (69992, 673)]
[(33349, 58707), (1471, 52306)]
[(6460, 80854), (46484, 6441), (84821, 23360), (12767, 56806), (22684, 26110), (37299, 27906), (35200, 24669)]
[(97854, 27386), (73749, 34403), (15158, 38360), (49320, 95528), (26327, 4376), (98056, 99623), (85853, 39752), (31999, 42866)]
[(26696, 96054), (11320, 66269), (77659, 91383), (90971, 52429), (77075, 91235), (10603, 81997)]
[(3909, 53116), (41769, 4216), (82627, 92271), (55475, 2617), (75764, 46453), (3102, 6657)]
[(31837, 36317), (17340, 23079), (92927, 84420), (9035, 73086), (67641, 29116), (78564, 4916), (17274, 47260), (79621, 35845), (40726, 69674)]
[(8775, 81336), (94584, 82522), (48845, 14436), (37943, 13423), (92978, 37992), (40838, 65438), (77461, 20893), (520, 78119), (69898, 72917)]
[(96831, 5621), (78467, 64508), (19965, 16354), (21536, 37795), (85195, 81822), (75457, 29133)]
[(95752, 8322), (69561, 95316), (48622, 89305), (57442, 85761), (52444, 84721), (55507, 36589), (58341, 2151), (10691, 28276)]
[(78804, 55110), (71427, 70673)]
[(99713, 47894), (84050, 70991)]
[(20943, 92165), (1701, 33991), (75554, 5217), (22169, 48149), (18323, 97358), (34209, 84504), (19737, 44817)]
[(14896, 14954), (74477, 79503), (43500, 9514), (72137, 98125), (13727, 90238), (15265, 50772)]
[(69893, 12065), (65908, 72223), (78169, 97326), (81252, 74324), (51242, 75725), (93466, 86276), (41357, 67206), (72132, 58481), (96118, 20078)]
[(31591, 74403), (4238, 77768), (24527, 8528), (49372, 1592), (55166, 82326), (86635, 54687), (28354, 37122), (76441, 92204), (83474, 34199), (78567, 54109)]
[(66291, 39272), (9399, 1730), (17156, 59291)]
[(79926, 16041), (12449, 27562)]
[(99957, 55620), (2938, 39138), (65765, 8775)]
[(94052, 88009), (19200, 42010), (32327, 74539), (97353, 87579), (82027, 11803), (43394, 31722)]
[(96699, 87900), (46431, 65871), (72016, 70979), (23747, 12782)]
[(58774, 65058)]
[(12730, 72225), (14822, 32549)]
[(81398, 2245), (4356, 3840)]
[(69832, 44272)]
[(29990, 74298), (61384, 27141), (7381, 58092)]
[(6569, 35752), (30284, 1204), (53564, 58538), (44501, 19964), (84617, 38771), (6022, 26358), (61505, 24226), (32748, 30424), (48527, 19844), (14597, 58398)] 
[(58081, 53772), (76708, 81724), (74720, 26626), (68441, 86977), (53826, 7646), (31261, 56403), (59277, 35477), (5257, 8165), (17596, 94262)]
[(10917, 8668), (40120, 11955), (28264, 5626), (32837, 93634), (8770, 16689), (47493, 91899)]
[(51186, 51268), (57419, 23517), (98814, 46218), (10465, 90561)]
[(52653, 14582), (37859, 86310), (39148, 92610), (3880, 93480), (1862, 84989), (11373, 74045), (99712, 96751), (60139, 46374), (87479, 15982), (2773, 63041)] 
[(33338, 25275), (80753, 43404), (62524, 27174), (16295, 55048), (37497, 4698), (41639, 42511), (66241, 17606), (58526, 44027), (52679, 78459)]
[(31201, 83864), (40697, 47256), (16889, 4934), (23121, 11591), (20430, 61455), (42050, 62198), (96046, 42887)]
[(26, 60209), (4727, 89665), (60718, 76445), (35034, 79651)]
[(10338, 15667), (98849, 23302), (51976, 86866), (26642, 18), (23965, 66123), (4403, 27456)]
[(38333, 51027), (24361, 20679), (26180, 3243), (72287, 93174)]
[(22210, 22450), (33700, 34707), (63106, 2624)]
[(51646, 77071), (24190, 25109), (39861, 66559), (64547, 23709), (27787, 15352), (16800, 93073), (84845, 54081), (44546, 92153), (80448, 15433)]
[(48622, 84683), (86214, 82857), (28823, 9677), (19307, 3730), (80900, 54382), (20550, 27763), (1626, 47327), (35624, 20025), (36753, 8984)]
[(61868, 83635)]
[(61780, 76554), (56307, 48171), (31482, 25887), (2715, 97487), (22944, 59086), (93174, 84598), (63955, 24421), (6466, 47024), (28944, 61363), (46819, 95239)][(73859, 82468), (46330, 60558)]
[(54294, 10487)]
[(14692, 97472)]
[(95996, 38829), (26305, 49496), (23791, 44943), (30081, 97937), (2630, 62379), (27681, 38550), (41553, 82582), (99074, 38711), (80219, 80648), (1429, 52376)][(81734, 10438), (62153, 70509), (50479, 7250), (47479, 20488), (30242, 30481), (56638, 73268), (70525, 484)]
[(86925, 48036), (47168, 9786), (89791, 71521)]
[(23503, 57837), (74813, 72659), (46418, 83872), (68131, 98616), (50304, 84060), (15602, 82216), (28668, 65351)]
[(41759, 92602), (18279, 71486), (64261, 61304), (21398, 9921), (79635, 83379), (63643, 44959), (91917, 99669), (62629, 89290), (623, 45447), (98224, 63717)] 
[(69012, 88127), (98488, 93632), (44886, 97361), (94548, 92859), (60092, 91561), (20993, 77373), (55938, 38630)]
[(34269, 91199), (5895, 25827), (80290, 43281), (72923, 48457), (17525, 10185), (32539, 5864), (80742, 76255), (21836, 14839), (44411, 22092), (55341, 49999)][(98679, 68207), (13578, 87547), (69024, 29043), (3740, 43), (18249, 46552), (80659, 82809)]
[(25934, 71854), (41995, 93445), (35191, 53167), (34013, 13288), (31218, 95264), (60063, 85790), (84961, 72622), (22087, 51460)]
[(79541, 72217), (36400, 46497), (94282, 58180), (52396, 84017), (30200, 95305), (60322, 45912), (77667, 91721), (43829, 46770)]
[(15230, 99313), (49795, 55537)]
[(42933, 30614)]
[(66985, 63182), (81412, 9514), (60841, 83682), (51461, 24025), (81214, 65028), (16687, 86448), (29016, 85888), (36093, 9585), (37658, 531), (92296, 17503)]  
[(87128, 65454), (79909, 58767), (44414, 92473), (17007, 327), (2006, 35760), (6572, 75202), (30623, 97648)]
[(57588, 46799), (6098, 99384), (68350, 3390), (80811, 12983), (83085, 27043)]
[(86321, 26003), (86763, 87123), (44186, 8738)]
[(41970, 88745), (17355, 55725), (68874, 23555), (13223, 86918), (14866, 27838), (64040, 73343), (73790, 98415), (45080, 49124)]
[(49933, 35854), (25656, 77080), (41539, 21566), (72122, 58829), (68530, 28191), (45376, 67135), (46288, 30970)]
[(7052, 2696), (58364, 73816), (51855, 47791), (86617, 85145), (90422, 71992), (80906, 9803), (16921, 17911)]
[(73452, 51415), (68671, 68562), (95015, 45560)]
[(71185, 96710), (72595, 11330), (2359, 9430), (41185, 63231), (79291, 58279), (51596, 58758)]
[(53986, 29585), (5786, 72825), (98142, 26518)]
[(6550, 57336), (7653, 87379), (45125, 87154), (72812, 48143)]
[(11739, 59149)]
[(66908, 58096), (19101, 13749), (60751, 94869), (39676, 82156), (43248, 67664), (55099, 43628)]
[(1034, 11294)]
[(8986, 35527), (73666, 55108)]
[(81603, 38792), (85000, 45684), (15046, 43572), (30794, 50922), (12017, 70623)]
[(23357, 38867), (28969, 24793)]
[(6758, 64547), (33082, 95886), (45150, 51057), (27494, 64328)]
[(7624, 19229), (71746, 52864), (37759, 90301), (12477, 34923), (20721, 8398), (15467, 12037), (52661, 54173)]
[(91190, 2501), (50176, 68398), (68282, 2090), (20260, 46272), (36211, 57985), (28188, 39620), (71781, 88230), (20105, 27825)]
[(3313, 63247), (26940, 49060), (70423, 72126), (46403, 1913), (90841, 25228), (88687, 45679), (2199, 28040), (6426, 52195), (63874, 30497)]
[(71872, 58164), (17575, 67705), (72838, 72222), (6700, 14180), (32314, 90611), (52895, 80876)]
[(27850, 65891), (82185, 13525), (80091, 96305)]
[(77689, 12655), (10688, 1956), (22748, 98767), (67625, 23441)]
[(84331, 69608), (52479, 35439), (15397, 11857), (26120, 58782), (20767, 49248)]
[(3770, 50952), (2237, 71832), (17065, 62566), (83779, 38170), (11548, 67175), (33921, 74912)]
[(57286, 99426), (71001, 65008), (64694, 86040), (81008, 50329), (67628, 10288), (25525, 41503), (89028, 59956), (99501, 91524), (38616, 95958)]
[(45683, 56481), (63990, 95606), (66320, 42205)]
[(68187, 32932), (41046, 16176), (35870, 41778), (86500, 97407), (16576, 94568), (83487, 6338), (71666, 88665)]
[(27935, 67511), (32094, 84540), (82511, 52147), (1309, 13885), (10962, 61093)]
[(92152, 26688), (12063, 32201), (31472, 20657), (64025, 47038), (46626, 31383), (87764, 86359), (71456, 16118)]
[(41802, 33120), (54278, 44599), (51923, 40852), (42112, 79601), (67753, 16456), (90354, 19313)]
[(5767, 30314)]
[(92885, 38692), (98288, 24767), (72438, 55873), (78671, 82969), (87085, 63973), (43677, 13973), (80223, 8967)]
[(42379, 45554), (11901, 55181), (30731, 45119), (49235, 25343)]
[(30972, 66868), (74194, 1203), (1375, 14502), (58327, 51828)]
[(3677, 79804), (19760, 7562), (40894, 48189), (25526, 83094), (84869, 77064), (64820, 14744)]
[(62979, 47973), (23423, 41338), (37202, 4011), (97954, 77487)]
[(96348, 9559)]
[(27401, 52986)]
[(29892, 31987), (17956, 76549), (36394, 22295), (98860, 67804), (40376, 91033), (71171, 79575)]
[(75078, 30963), (70005, 35617), (17759, 69436), (72926, 29618)]
[(12282, 11062), (62449, 98570), (82200, 56057), (68730, 6401), (23486, 94944), (59784, 67514)]
[(2028, 82654), (52017, 98638), (14370, 53833), (69099, 902)]
[(84022, 55780), (90528, 13493), (87966, 12479), (83778, 86203), (68465, 84023)]
[(47472, 53407), (76905, 9031), (25231, 93614)]
[(55524, 11775), (54161, 97474), (72772, 43017), (44238, 88835), (72066, 71094), (2480, 5843), (71867, 14902), (15455, 71619)]
[(66620, 16882), (94946, 58734), (95230, 38487), (28, 23992), (50938, 1325), (43450, 49340)]
[(2085, 94444), (57131, 93618), (88548, 44015), (25153, 89530), (71284, 83379), (69323, 88918), (35160, 69356), (66410, 86064), (10530, 74925)]
[(33834, 11112), (96800, 65609), (11215, 61915)]
[(35376, 64749)]
[(29847, 36660), (477, 46247), (68954, 89473), (72490, 45130), (34611, 40665), (49333, 72988), (39980, 42949), (93557, 80253), (97322, 58638), (13375, 29216)][(42145, 22142), (29775, 29719), (13655, 80637), (25828, 62435), (73104, 97788), (26903, 8490)]
[(56817, 35314), (71314, 80631), (82795, 34609), (79311, 34806)]
[(31398, 42039), (43917, 12404), (78454, 55178), (61804, 15898), (70069, 96167), (90751, 34038), (24541, 31123), (22995, 1906)]
[(25092, 80331), (48947, 29964), (94914, 80353), (10398, 23986), (98674, 25309), (12173, 35832), (36016, 28314), (26168, 43408), (32011, 49414), (61088, 86090)]
[(9002, 74611), (75565, 60269), (21652, 45806)]
[(25548, 99016), (73175, 92970)]
[(75521, 49478), (25225, 77218), (97791, 95231), (53017, 43254), (98214, 83349), (1133, 2544), (9279, 49934), (49778, 65285)]
[(95490, 75730), (30602, 71278), (84124, 7521)]
[(47078, 49332), (69, 37079), (16051, 60131), (80283, 86590), (44616, 66556), (58862, 92742), (53443, 4276), (78265, 4284)]
[(29542, 76465), (90736, 85889), (9319, 77942), (8743, 59262), (34337, 13655)]
[(67845, 48796), (55227, 51220), (25351, 53982), (3853, 65634), (66502, 79874), (95566, 69226), (96055, 91716), (95783, 96302)]
[(13519, 70734), (86974, 2797), (42812, 5786), (87561, 85192), (23714, 81252), (21792, 79695), (27972, 97399), (36234, 89096)]
[(50019, 73522)]
[(58306, 959), (23673, 31112), (69062, 20875), (84384, 81448), (56241, 22284), (29227, 80555), (43994, 20091), (40917, 58212)]
[(45382, 83239), (61393, 21263), (97973, 12044), (24804, 35547), (21887, 81274), (85399, 22603)]
[(83640, 8779)]
[(30902, 89333)]
[(7848, 26735), (42862, 48689), (10082, 77842)]
[(78000, 17680), (42166, 94345), (8636, 97777), (16913, 11603), (96834, 66663), (40932, 4128), (16426, 33090)]
[(36673, 16041)]
[(82034, 40116), (14005, 30917), (10877, 63422), (17247, 37360), (67308, 12523), (81592, 56337), (79571, 76599), (72203, 91416), (12436, 83653)]
[(23548, 52014), (1970, 90758), (46827, 50762), (80935, 15531), (76006, 76461), (38340, 13200), (37228, 2798), (30177, 13943), (33612, 9494), (27269, 6201)]  
[(16325, 57295), (21479, 92671), (37429, 20648)]
[(37640, 32440)]
[(10587, 44795), (2587, 30095), (83888, 97051), (40818, 98006)]
[(14940, 35702), (15807, 96863), (69291, 38273), (4947, 90130), (85854, 35579), (48653, 40087)]
[(96681, 19621)]
[(26310, 76470), (82349, 3740), (51245, 33614), (27582, 42229), (19500, 70533), (39813, 93973), (5165, 62429)]
[(60115, 85267), (99201, 25972), (31864, 37595), (94330, 37329), (32693, 96329), (40858, 88627), (29375, 9657), (88441, 75754), (69692, 28126), (45530, 19037)]
[(53618, 24135), (3672, 7121), (58546, 84449), (63975, 17478), (81406, 53289)]
[(86249, 56634), (22598, 18460), (83162, 84608), (21625, 13618)]
[(4016, 23702), (76265, 35142), (48891, 76921), (82443, 5303), (43370, 86256), (34471, 2985), (41039, 98914), (73091, 49946), (37680, 37689), (47498, 37036)] 
[(4642, 1335), (86039, 93460), (62818, 8998), (6446, 4719), (63656, 55094)]
[(17005, 97270), (61519, 5200), (1270, 25206), (43971, 51860), (13429, 36498), (96211, 49818)]
[(13305, 82107), (71888, 74705), (91134, 645), (25512, 53596), (61476, 96591), (73053, 99026), (46506, 65540)]
[(67982, 96626), (31858, 92459), (63016, 18060), (91293, 92330), (77523, 72699), (8608, 37935), (58582, 5275), (93299, 63714), (98372, 27475)]
[(70778, 38246), (59787, 57390)]
[(75265, 50319)]
[(44807, 91290), (44859, 48868), (16942, 13611), (66820, 50313)]
[(95066, 26250), (87958, 39564), (39076, 94377), (40698, 36644)]
[(2542, 35772), (99887, 68365), (41141, 5392), (98867, 25717), (52972, 69202), (13388, 97827), (43087, 4397), (19360, 71046), (44607, 77261), (76116, 52162)] 
[(19037, 10617), (95418, 82708), (8290, 14412)]
[(97947, 79735), (86179, 53580), (60407, 17692), (1947, 4568), (42938, 91673), (97964, 71785), (77517, 5238), (10399, 86041), (33088, 93298), (56282, 78266)] 
[(68023, 49405), (3241, 2392)]
[(89264, 61982), (55111, 78314), (55910, 17836), (4763, 47987), (84559, 4203), (30729, 56210), (16896, 82834), (99332, 8604), (36592, 12854), (84948, 64801)] 
[(60025, 62850), (79550, 33517)]
[(61685, 98003), (77003, 21764), (73614, 95103)]
[(55394, 94110), (52183, 80767)]
[(83303, 27015), (74880, 9173), (17552, 45891)]
[(32967, 22639), (92618, 9686), (90937, 44055), (43970, 8891), (44491, 92173)]
[(32528, 15404), (9135, 76354), (68521, 80637), (64669, 13350), (89766, 56267), (83916, 76181)]
[(46807, 86679), (60591, 12901), (79097, 92678)]
[(70711, 2724), (23508, 12763)]
[(99809, 60655), (12362, 48170), (58587, 18268), (95651, 5046), (11836, 39084), (93312, 45439)]
[(14996, 21056), (28371, 30082), (32426, 18871), (14290, 5083), (28721, 61139), (25482, 7463), (55802, 50990), (52373, 52205), (57889, 80937), (52474, 32734)][(46537, 79702), (20529, 1792)]
[(55494, 60757), (50486, 28213), (94313, 97359), (46457, 18111)]
[(40771, 8877), (88266, 91560), (42835, 13428), (20389, 26948), (96220, 27823), (77378, 91817)]
[(4942, 93777), (56296, 60719)]
[(45457, 49455), (64857, 79205), (61517, 22919), (79862, 11660), (87892, 10859), (1368, 52960), (91450, 21739)]
[(19740, 92382), (54966, 2950), (83581, 77311), (72896, 84542), (45555, 41106), (81085, 18301), (35594, 72888)]
[(22885, 28102)]
[(32441, 96201), (57575, 15971), (91528, 36509), (67723, 60429), (44781, 58812), (37314, 539), (56182, 93702)]
[(8682, 40498), (95900, 91723), (54780, 19214), (38709, 94692), (32260, 8783)]
[(35060, 13542)]
[(71920, 46020), (11680, 36490), (89187, 37076)]
[(48157, 52653), (40032, 13616), (85901, 2332), (86833, 87194), (56596, 39945), (80756, 64434), (18435, 25505), (77234, 92238), (97709, 31959)]
[(64121, 84323), (31465, 66002), (74282, 47847), (64240, 44667), (19640, 99014)]
[(85683, 93119), (89670, 74969), (15626, 32472), (32146, 73673), (85699, 8194), (36729, 79768), (99244, 37464)]
[(40017, 68516), (4496, 72222), (77674, 24860), (58576, 25361), (16147, 49295), (10123, 82024)]
[(36517, 58515), (34945, 48712), (90260, 36