169288.4176   169288.4176
[58498, 71962]
[53307, 40005]
97020
Wrong Answer
60546.3063   60546.3062
[80640, 84289, 17224]  
[63567, 26153, 6721]   
76808
Wrong Answer
151522.1724   151522.1724   
[51974, 56492, 94585, 98006]
[97387, 26710, 46030, 67189]
41441
Wrong Answer
143778.3812   143778.3812
[79492, 10435, 75150, 13283, 58212]
[95835, 2303, 69133, 12132, 65869] 
93128
Wrong Answer
201820.542   201820.542
[33885, 86154, 92170, 70883, 27017, 15371, 49952]
[57622, 39503, 30551, 50930, 40153, 30355, 45518]
55862
Wrong Answer
49350.6877   49350.6878
[24000, 80430]
[83187, 91600]
14238
Wrong Answer
180235.5935   180235.5935
[68319, 94879, 62057, 48097, 65818]
[27985, 85026, 52162, 72534, 41316]
32107
Wrong Answer
10147.2813   10147.2812
[49474, 19560, 73643, 41282, 9698, 85482, 36310, 7872, 81600]
[74604, 2967, 61992, 94700, 15773, 9442, 58636, 33591, 97770]
2378
Wrong Answer
7867.5187   7867.5188